11.6   2.0
12.2   2.0
12.9   2.0
13.7   2.0
14.5   2.0
15.5   2.0
16.0   2.0
16.5   2.0
17.0   2.0
8.0    2.0
10.0   2.75
11.0   2.75
12.0   2.75
13.0   2.75
14.0   2.75
15.5   2.75
17.0   2.75
19.5   2.75
19.8   2.75
20.0   2.75
20.2   2.75
22.0   2.75
8.0    2.75
10.0   3.3
11.0   3.3
12.0   3.3
13.0   3.3
14.5   3.3
16.0   3.3
17.4   3.3
17.7   3.3
18.5   3.3
21.0   3.3
22.0   3.3
25.0   3.3
8.0    3.3
10.0   3.5
11.0   3.5
12.0   3.5
13.0   3.5
14.5   3.5
16.0   3.5
18.5   3.5
18.8   3.5
19.2   3.5
21.0   3.5
22.0   3.5
25.0   3.5
8.0    3.5
